A	B	C	(A && B) || C
-------------------------------------
0	0	0	->	0
0	0	1	->	1
0	1	0	->	0
0	1	1	->	1
1	0	0	->	0
1	0	1	->	1
1	1	0	->	1
1	1	1	->	1


A	B	C	(A && B) || (A && C)
--------------------------------------------
0	0	0	->	0
0	0	1	->	0
0	1	0	->	0
0	1	1	->	0
1	0	0	->	0
1	0	1	->	1
1	1	0	->	1
1	1	1	->	1


A	B	C	D	(A || B || C) && (B || D)
---------------------------------------------------------
0	0	0	0	->	0
0	0	0	1	->	0
0	0	1	0	->	0
0	0	1	1	->	1
0	1	0	0	->	1
0	1	0	1	->	1
0	1	1	0	->	1
0	1	1	1	->	1
1	0	0	0	->	0
1	0	0	1	->	1
1	0	1	0	->	0
1	0	1	1	->	1
1	1	0	0	->	1
1	1	0	1	->	1
1	1	1	0	->	1
1	1	1	1	->	1